110,0
111,0
99,0
122,0
110,0
97,0
111,0
120,0
113,0
107,0
124,0
116,0
103,0
122,0
113,0
110,0
111,0
105,0
104,0
111,0
106,0
108,0
107,0
105,0
120,0
110,0
114,0
109,0
108,0
110,0
105,0
107,0
113,0
116,0
113,0
112,0
114,0
108,0
116,0
107,0
111,0
113,0
116,0
114,0
107,0
107,0
115,0
113,0
110,0
115,0
102,0
114,0
105,0
130,0
101,0
96,0
110,0
99,0
116,0
105,0
105,0
125,0
107,0
116,0
120,0
116,0
120,0
108,0
95,0
105,0
104,0
111,0
110,0
113,0
109,0
106,0
107,0
104,0
110,0
106,0
113,0
112,0
120,0
101,0
121,0
108,0
112,0
111,0
113,0
106,0
105,0
102,0
106,0
113,0
105,0
106,0
114,0
107,0
112,0
109,0
/home/jps/allocation_models/greedy_vs_exact/results/vZeta/exact/clA_10_2/cla_10_2_99.txt
-----------
1
1
1
1
1
1
1
1
1
1
1
1
1
1
1
1
1
1
1
1
1
1
1
1
1
1
1
1
1
1
1
1
1
1
1
1
1
1
1
1
1
1
1
1
1
1
1
1
1
1
1
1
1
1
1
1
1
1
1
1
1
1
1
1
1
1
1
1
1
1
1
1
1
1
1
1
1
1
1
1
1
1
1
1
1
1
1
1
1
1
1
1
1
1
1
1
1
1
1
1
/home/jps/allocation_models/greedy_vs_exact/results/vZeta/exact/clA_10_2/cla_10_2_99.txt
-----------
0,0005705356597900391
0,0005154609680175781
0,0004451274871826172
0,00044655799865722656
0,0005090236663818359
0,0004706382751464844
0,0004761219024658203
0,0004508495330810547
0,0004458427429199219
0,0004482269287109375
0,0004906654357910156
0,0005142688751220703
0,00057220458984375
0,0004851818084716797
0,00045228004455566406
0,0004508495330810547
0,00043511390686035156
0,0004417896270751953
0,00044035911560058594
0,0004410743713378906
0,00046706199645996094
0,0005183219909667969
0,0004856586456298828
0,00044536590576171875
0,00045037269592285156
0,0004456043243408203
0,0004723072052001953
0,0005369186401367188
0,00048351287841796875
0,00045561790466308594
0,00043654441833496094
0,0005059242248535156
0,0004868507385253906
0,0004506111145019531
0,000438690185546875
0,0004725456237792969
0,0004267692565917969
0,00045990943908691406
0,0004467964172363281
0,0004487037658691406
0,0004513263702392578
0,0004413127899169922
0,0004475116729736328
0,00047516822814941406
0,0004596710205078125
0,00044536590576171875
0,0004451274871826172
0,0004475116729736328
0,0004711151123046875
0,0004506111145019531
0,0004520416259765625
0,0004382133483886719
0,0004444122314453125
0,0004534721374511719
0,0004885196685791016
0,0006582736968994141
0,00049591064453125
0,00045609474182128906
0,0004520416259765625
0,0005965232849121094
0,0004673004150390625
0,0004477500915527344
0,0004665851593017578
0,0004401206970214844
0,00045680999755859375
0,0004436969757080078
0,0004527568817138672
0,00044727325439453125
0,0004832744598388672
0,00044798851013183594
0,0004398822784423828
0,0004601478576660156
0,0004391670227050781
0,0004489421844482422
0,00047516822814941406
0,00045490264892578125
0,00044465065002441406
0,00044155120849609375
0,0004532337188720703
0,0005316734313964844
0,00043654441833496094
0,0004527568817138672
0,0004379749298095703
0,00044727325439453125
0,0004343986511230469
0,00044536590576171875
0,00043392181396484375
0,0004367828369140625
0,00044226646423339844
0,00043702125549316406
0,0004439353942871094
0,00044846534729003906
0,00043773651123046875
0,0004506111145019531
0,0004405975341796875
0,00045371055603027344
0,00044465065002441406
0,00045013427734375
0,0005133152008056641
0,0004565715789794922
/home/jps/allocation_models/greedy_vs_exact/results/vZeta/exact/clA_10_2/cla_10_2_99.txt
-----------
('v3', 'gp2')
('v2', 'gp2')
('v4', 'gp2')
('v4', 'gp2')
('v0', 'gp1')
('v4', 'gp2')
('v1', 'gp2')
('v0', 'gp1')
('v0', 'gp1')
('v0', 'gp1')
('v4', 'gp2')
('v2', 'gp2')
('v1', 'gp2')
('v3', 'gp2')
('v0', 'gp1')
('v3', 'gp2')
('v1', 'gp2')
('v3', 'gp2')
('v4', 'gp2')
('v2', 'gp2')
('v4', 'gp2')
('v2', 'gp2')
('v4', 'gp2')
('v1', 'gp2')
('v4', 'gp2')
('v3', 'gp2')
('v3', 'gp2')
('v1', 'gp2')
('v3', 'gp2')
('v3', 'gp2')
('v1', 'gp2')
('v0', 'gp1')
('v3', 'gp2')
('v3', 'gp2')
('v4', 'gp2')
('v4', 'gp2')
('v0', 'gp1')
('v3', 'gp2')
('v1', 'gp2')
('v1', 'gp2')
('v2', 'gp2')
('v0', 'gp1')
('v3', 'gp2')
('v3', 'gp2')
('v0', 'gp1')
('v2', 'gp2')
('v4', 'gp2')
('v4', 'gp2')
('v1', 'gp2')
('v0', 'gp1')
('v4', 'gp2')
('v1', 'gp2')
('v1', 'gp2')
('v0', 'gp1')
('v3', 'gp2')
('v1', 'gp2')
('v1', 'gp2')
('v3', 'gp2')
('v4', 'gp2')
('v2', 'gp2')
('v0', 'gp1')
('v0', 'gp1')
('v2', 'gp2')
('v2', 'gp2')
('v0', 'gp1')
('v1', 'gp2')
('v3', 'gp2')
('v4', 'gp2')
('v2', 'gp2')
('v0', 'gp1')
('v2', 'gp2')
('v0', 'gp1')
('v0', 'gp1')
('v1', 'gp2')
('v1', 'gp2')
('v0', 'gp1')
('v4', 'gp2')
('v2', 'gp2')
('v1', 'gp2')
('v3', 'gp2')
('v1', 'gp2')
('v0', 'gp1')
('v1', 'gp2')
('v1', 'gp2')
('v1', 'gp2')
('v3', 'gp2')
('v2', 'gp2')
('v2', 'gp2')
('v2', 'gp2')
('v0', 'gp1')
('v4', 'gp2')
('v4', 'gp2')
('v4', 'gp2')
('v4', 'gp2')
('v0', 'gp1')
('v1', 'gp2')
('v0', 'gp1')
('v2', 'gp2')
('v0', 'gp1')
('v0', 'gp1')
/home/jps/allocation_models/greedy_vs_exact/results/vZeta/exact/clA_10_2/cla_10_2_99.txt
-----------
