102,0
106,0
88,0
111,0
110,0
91,0
111,0
120,0
113,0
107,0
108,0
101,0
103,0
117,0
113,0
94,0
111,0
104,0
92,0
104,0
94,0
95,0
105,0
105,0
109,0
98,0
100,0
109,0
93,0
102,0
105,0
107,0
107,0
93,0
105,0
107,0
114,0
100,0
116,0
107,0
96,0
113,0
103,0
104,0
107,0
102,0
92,0
89,0
110,0
115,0
91,0
114,0
105,0
130,0
92,0
96,0
110,0
98,0
106,0
88,0
105,0
125,0
103,0
111,0
120,0
116,0
115,0
101,0
94,0
105,0
104,0
111,0
110,0
113,0
109,0
106,0
99,0
93,0
110,0
100,0
113,0
112,0
120,0
101,0
121,0
107,0
101,0
103,0
95,0
106,0
97,0
95,0
100,0
105,0
105,0
106,0
114,0
97,0
112,0
109,0
/home/jps/allocation_models/greedy_vs_exact/results/vZeta/exact/clA_10_3/cla_10_3_99.txt
-----------
1
1
1
1
1
1
1
1
1
1
1
1
1
1
1
1
1
1
1
1
1
1
1
1
1
1
1
1
1
1
1
1
1
1
1
1
1
1
1
1
1
1
1
1
1
1
1
1
1
1
1
1
1
1
1
1
1
1
1
1
1
1
1
1
1
1
1
1
1
1
1
1
1
1
1
1
1
1
1
1
1
1
1
1
1
1
1
1
1
1
1
1
1
1
1
1
1
1
1
1
/home/jps/allocation_models/greedy_vs_exact/results/vZeta/exact/clA_10_3/cla_10_3_99.txt
-----------
0,037583112716674805
0,0004887580871582031
0,0004591941833496094
0,002045154571533203
0,0005145072937011719
0,0004892349243164062
0,0005118846893310547
0,0005481243133544922
0,00048041343688964844
0,0004487037658691406
0,0004489421844482422
0,0004291534423828125
0,0004417896270751953
0,000438690185546875
0,00043010711669921875
0,00046896934509277344
0,0004470348358154297
0,00044536590576171875
0,0004200935363769531
0,0004642009735107422
0,00046706199645996094
0,00044727325439453125
0,0004851818084716797
0,00041675567626953125
0,00047516822814941406
0,00045228004455566406
0,00048160552978515625
0,0004477500915527344
0,00043582916259765625
0,0004239082336425781
0,00044155120849609375
0,0004227161407470703
0,0004591941833496094
0,0007948875427246094
0,00043129920959472656
0,0004334449768066406
0,000438690185546875
0,0004756450653076172
0,0004284381866455078
0,00042319297790527344
0,0004551410675048828
0,0004360675811767578
0,0004208087921142578
0,0004253387451171875
0,0004303455352783203
0,0004296302795410156
0,0004458427429199219
0,0004398822784423828
0,000423431396484375
0,0004360675811767578
0,00043082237243652344
0,0005040168762207031
0,00042700767517089844
0,0004363059997558594
0,00044536590576171875
0,0004425048828125
0,0004322528839111328
0,00043320655822753906
0,0004448890686035156
0,0004391670227050781
0,0004303455352783203
0,00046634674072265625
0,0004286766052246094
0,0004303455352783203
0,0004477500915527344
0,0004239082336425781
0,00042629241943359375
0,00041937828063964844
0,0004315376281738281
0,0004165172576904297
0,0004112720489501953
0,0004210472106933594
0,0004222393035888672
0,0004911422729492188
0,0015933513641357422
0,00046443939208984375
0,0004184246063232422
0,0004305839538574219
0,00041866302490234375
0,0004932880401611328
0,0005099773406982422
0,0004563331604003906
0,000431060791015625
0,0004363059997558594
0,00042700767517089844
0,00042057037353515625
0,0004248619079589844
0,0006198883056640625
0,0005071163177490234
0,0005285739898681641
0,0004343986511230469
0,0004227161407470703
0,0005235671997070312
0,0005445480346679688
0,00045299530029296875
0,000457763671875
0,00045013427734375
0,00043320655822753906
0,0005106925964355469
0,00041985511779785156
/home/jps/allocation_models/greedy_vs_exact/results/vZeta/exact/clA_10_3/cla_10_3_99.txt
-----------
('v1', 'gp2')
('v1', 'gp2')
('v0', 'gp1')
('v0', 'gp1')
('v0', 'gp1')
('v1', 'gp2')
('v1', 'gp2')
('v0', 'gp1')
('v0', 'gp1')
('v0', 'gp1')
('v1', 'gp2')
('v0', 'gp1')
('v1', 'gp2')
('v0', 'gp1')
('v0', 'gp1')
('v1', 'gp2')
('v1', 'gp2')
('v1', 'gp2')
('v1', 'gp2')
('v0', 'gp1')
('v1', 'gp2')
('v0', 'gp1')
('v0', 'gp1')
('v1', 'gp2')
('v0', 'gp1')
('v1', 'gp2')
('v1', 'gp2')
('v1', 'gp2')
('v1', 'gp2')
('v0', 'gp1')
('v1', 'gp2')
('v0', 'gp1')
('v1', 'gp2')
('v0', 'gp1')
('v0', 'gp1')
('v0', 'gp1')
('v0', 'gp1')
('v1', 'gp2')
('v1', 'gp2')
('v1', 'gp2')
('v1', 'gp2')
('v0', 'gp1')
('v1', 'gp2')
('v0', 'gp1')
('v0', 'gp1')
('v0', 'gp1')
('v0', 'gp1')
('v1', 'gp2')
('v1', 'gp2')
('v0', 'gp1')
('v1', 'gp2')
('v1', 'gp2')
('v1', 'gp2')
('v0', 'gp1')
('v0', 'gp1')
('v1', 'gp2')
('v1', 'gp2')
('v0', 'gp1')
('v1', 'gp2')
('v1', 'gp2')
('v0', 'gp1')
('v0', 'gp1')
('v0', 'gp1')
('v0', 'gp1')
('v0', 'gp1')
('v1', 'gp2')
('v0', 'gp1')
('v1', 'gp2')
('v0', 'gp1')
('v0', 'gp1')
('v1', 'gp2')
('v0', 'gp1')
('v0', 'gp1')
('v1', 'gp2')
('v1', 'gp2')
('v0', 'gp1')
('v0', 'gp1')
('v0', 'gp1')
('v1', 'gp2')
('v1', 'gp2')
('v1', 'gp2')
('v0', 'gp1')
('v1', 'gp2')
('v1', 'gp2')
('v1', 'gp2')
('v1', 'gp2')
('v1', 'gp2')
('v1', 'gp2')
('v0', 'gp1')
('v0', 'gp1')
('v0', 'gp1')
('v1', 'gp2')
('v0', 'gp1')
('v1', 'gp2')
('v0', 'gp1')
('v1', 'gp2')
('v0', 'gp1')
('v0', 'gp1')
('v0', 'gp1')
('v0', 'gp1')
/home/jps/allocation_models/greedy_vs_exact/results/vZeta/exact/clA_10_3/cla_10_3_99.txt
-----------
